1-21表示原点
22-42表示复制点

原点表示出度
复制点表示入度

22 :  5  1  19   7  10  20 
 1 :  5 22  23  30  38  33 
23 :  5  2   1   8  14  13 
 2 :  5 23  29  31  33  22 
29 :  4  8   2  20  10 
 8 :  5 29  24  23  41  40 
24 :  5  3   8  18  11  14 
 3 :  5 24  21  30  35  38 
21 :  4  0   3   5  17 
 0 :  3 21  37  41 
37 :  2 16   0 
16 :  4 37  28  30  38 
28 :  5  7  16  11  12   4 
 7 :  5 28  38  22  35  33 
38 :  5 17   7   1  16  13 
17 :  5 38  30  32  39  40 
30 :  5  9  17  16   1  14 
 9 :  5 30  36  40  32  34 
36 :  4 15   9  20  19 
15 :  5 36  27  22  30  38 
27 :  2  6  15 
 6 :  5 27  25  32  30  38 
25 :  5  4   6  20  11  18 
 4 :  5 25  26  35  30  38 
26 :  5  5   4  11  18   3 
 5 :  5 26  39  35  34  22 
39 :  5 18   5  13  17   4 
18 :  5 39  34  24  41  31 
34 :  5 13  18   5   9   8 
13 :  5 34  32  39  38  22 
32 :  5 11  13  17  20   9 
11 :  5 32  41  28  26  24 
41 :  5 20  11   8  18   0 
20 :  5 41  31  29  36  22 
31 :  5 10  20   2  19   3 
10 :  5 31  33  22  29  34 
33 :  5 12  10   2   7   3 
12 :  4 33  35  28  39 
35 :  5 14  12   5   7   4 
14 :  5 35  40  30  38  23 
40 :  5 19  14   9   8  17 
19 :  5 40  22  31  36  28 