 97 :  5  46  10  47  13  43 
 46 :  5  97  57  78  60  63 
 57 :  5   6  46   8  11  28 
  6 :  4  57  91  58  84 
 91 :  3  40   6  29 
 40 :  5  91  76  52  51  68 
 76 :  4  25  40  20   1 
 25 :  5  76  82  65  58  97 
 82 :  4  31  25  16   2 
 31 :  5  82  83  81  88 100 
 83 :  5  32  31  16  26  15 
 32 :  5  83  93  70  58  72 
 93 :  5  42  32  48  23   9 
 42 :  5  93  84  60  94  52 
 84 :  5  33  42  49   4  17 
 33 :  5  84  78  73  58  66 
 78 :  5  27  33  46  38  17 
 27 :  5  78  58  56  65  87 
 58 :  5   7  27  39  41  32 
  7 :  5  58  94  67  75  97 
 94 :  5  43   7   2  42  29 
 43 :  5  94  99 100  97  69 
 99 :  5  48  34  43  49  17 
 48 :  5  99  68  93  53  84 
 68 :  5  17  48  28  21  44 
 17 :  5  68  53  71  78  84 
 53 :  5   2  17  48  46  37 
  2 :  5  53  54  88  94  66 
 54 :  5   3   2  26  46  20 
  3 :  4  54  56 101  84 
 56 :  5   5   3  27   0  35 
  5 :  4  56  96  86  90 
 96 :  5  45   5  43  49  46 
 45 :  5  96  87  74  51  75 
 34 :  4  85  99  89  67 
 85 :  5  34   9   4  47  24 
  9 :  5  60  85  59  58  93 
 60 :  5   9  14  49  46   0 
 14 :  5  65  60  80  59  69 
 65 :  5  14   8  27  25  43 
  8 :  5  59  65  57  87  51 
 59 :  5   8   0  14   9  32 
  0 :  5  51  59  56 101  60 
 51 :  5   0  21  45  29  28 
 21 :  5  72  51  68  79  69 
 72 :  3  21  11  32 
 11 :  5  62  72  77  78  57 
 62 :  5  11   1  44   4  29 
  1 :  5  52  62  80  74  53 
 52 :  5   1  41  26  40  29 
 80 :  5  29  14  49  36  46 
 29 :  5  80 101  87  51  91 
101 :  5  50  29   3   0  24 
 50 :  5 101  86  64  58  74 
 86 :  5  35  50  41  36   5 
 35 :  5  86  75  61  70  56 
 75 :  5  24  35  26   4  49 
 24 :  5  75 100  67  56 101 
 41 :  5  92  52  86  58  61 
 92 :  4  41  20  35  27 
 20 :  5  71  92  76  58  97 
 71 :  5  20   4  18  17  42 
  4 :  5  55  71  85  75  84 
 55 :  5   4  37  38  46  13 
 37 :  5  88  55  73  53  94 
 88 :  5  37  47   2  31  30 
 47 :  5  98  88  97  56  77 
 98 :  5  47  19  39  36  29 
 19 :  5  70  98  97  55  51 
 70 :  5  19  16  39  35  32 
 26 :  5  77  75  54  52  83 
 77 :  5  26  12  11  47  38 
 12 :  5  63  77  87  78  60 
 63 :  5  12  30  46  20   0 
 30 :  5  81  63  52  53  78 
 81 :  5  30  18  31  46  26 
 18 :  5  69  81  71  97  65 
 69 :  5  18  13  43  14  49 
 13 :  5  64  69  97  67  55 
 64 :  4  13  15  50  30 
 15 :  5  66  64  74  61  79 
 66 :  4  15  44   2  33 
 44 :  5  95  66  73  62  68 
 95 :  3  44  22  38 
 22 :  4  73  95  67  58 
 73 :  5  22  38  33  44  37 
 38 :  5  89  73  78  95  55 
 89 :  3  38  28  34 
100 :  5  49  24  43  31  39 
 49 :  5 100  60  80  84  99 
 67 :  5  16  24  28   7   0 
 16 :  5  67  61  70  83  82 
 61 :  5  10  16  39  35  41 
 10 :  5  61  97  74  59 100 
 39 :  5  90  61  70  58  98 
 90 :  5  39  36  46   5  33 
 36 :  5  87  90  97  86  98 
 87 :  5  36  45  29   8  12 
 28 :  5  79  89  67  68  51 
 79 :  5  28  23  21  15  46 
 23 :  4  74  79  97  93 
 74 :  5  23  45  15  10  50